         0   12.2377  107.4252   76.1376  114.4791    9.8963   98.3902  101.1070   49.4905  109.7332
   12.2377         0  115.5278  133.6766  106.0751  105.3240  105.6406  124.1643  106.2210   69.6999
  107.4252  115.5278         0   22.1954  136.4392   61.1117   39.4793   12.5996  134.2287   59.5147
   76.1376  133.6766   22.1954         0   88.6621   39.3640   33.3869  131.6440  122.6451   13.9158
  114.4791  106.0751  136.4392   88.6621         0   90.9748   92.2174   92.8727  130.5015   11.5254
    9.8963  105.3240   61.1117   39.3640   90.9748         0   84.9368   52.9156  148.7786  134.1962
   98.3902  105.6406   39.4793   33.3869   92.2174   84.9368         0   88.6058   15.5236  126.1916
  101.1070  124.1643   12.5996  131.6440   92.8727   52.9156   88.6058         0   17.5798   73.0266
   49.4905  106.2210  134.2287  122.6451  130.5015  148.7786   15.5236   17.5798         0   31.1336
  109.7332   69.6999   59.5147   13.9158   11.5254  134.1962  126.1916   73.0266   31.1336         0