0 3.731144e+01 9.292010e+01 7.887526e+01 1.423685e+02 1.052784e+02 3.994841e+01 1.334824e+02 6.303985e+01 2.798358e+00 1.408634e+02 1.224002e+02 6.993399e+01 5.124438e+01 1.249293e+02 1.249521e+02 4.208164e+01 3.070892e+01 1.047231e+02 6.763557e+01
3.731144e+01 0 1.479089e+02 2.623675e+00 3.861368e+01 1.324604e+02 1.014283e+02 1.122305e+02 5.223560e+01 1.973903e+01 1.225549e+02 4.912083e+01 9.441250e+01 1.225917e+02 1.241066e+02 7.242042e+00 1.151737e+02 6.732482e+01 1.220035e+02 1.220954e+02
9.292010e+01 1.479089e+02 0 9.960271e+01 1.497622e+02 1.001103e+02 8.823697e+01 1.227266e+02 7.538238e+01 1.600330e+01 7.331065e+01 1.199439e+02 1.359665e+02 6.821168e+00 1.059941e+02 7.048123e+01 1.409635e+02 6.698090e+01 5.737763e+01 8.927392e+01
7.887526e+01 2.623675e+00 9.960271e+01 0 1.102933e+02 1.161274e+02 3.714567e+00 7.647991e+01 8.173162e+01 1.518786e+00 1.078657e+02 5.497919e+01 9.646526e+01 7.177911e+01 9.746835e+01 7.101849e+01 1.247054e+01 9.072190e+01 8.369158e+01 6.393850e+01
1.423685e+02 3.861368e+01 1.497622e+02 1.102933e+02 0 7.999712e+01 3.172661e+01 9.243939e+01 1.197674e+01 4.121821e+01 8.866786e+01 5.351886e+01 3.773856e+01 4.449096e+01 8.055922e+01 1.204693e+02 1.989196e+01 2.265897e+01 9.504781e+01 1.138187e+02
1.052784e+02 1.324604e+02 1.001103e+02 1.161274e+02 7.999712e+01 0 2.246775e+01 1.431854e+02 2.698299e+01 1.347356e+02 1.324716e+02 4.091996e+01 1.350619e+02 3.398233e+01 5.688479e+01 1.261537e+02 5.073412e+01 4.954894e+01 6.647221e+01 7.740368e+01
3.994841e+01 1.014283e+02 8.823697e+01 3.714567e+00 3.172661e+01 2.246775e+01 0 1.053018e+02 1.325444e+02 3.166130e+01 5.048013e+01 8.160721e+01 1.421635e+02 7.294230e+01 7.170939e+01 2.962775e+01 1.192837e+02 4.682279e+01 1.184178e+02 8.661607e+01
1.334824e+02 1.122305e+02 1.227266e+02 7.647991e+01 9.243939e+01 1.431854e+02 1.053018e+02 0 1.155268e+02 2.807009e+01 8.275689e+01 7.076470e+01 8.428399e+01 5.359293e+01 4.937488e+01 5.698132e+01 1.377233e+01 1.132480e+02 1.399134e+02 1.349644e+02
6.303985e+01 5.223560e+01 7.538238e+01 8.173162e+01 1.197674e+01 2.698299e+01 1.325444e+02 1.155268e+02 0 5.303172e+01 1.434800e+02 8.075338e+01 5.378898e+00 3.146991e+01 3.438636e+01 1.181916e+02 6.344725e+01 1.108973e+02 8.769611e+01 6.991324e+01
2.798358e+00 1.973903e+01 1.600330e+01 1.518786e+00 4.121821e+01 1.347356e+02 3.166130e+01 2.807009e+01 5.303172e+01 0 2.224279e+01 3.663727e+01 9.913848e+01 1.305604e+02 6.995280e+00 2.838430e+01 2.360112e+01 6.395874e+01 1.969564e+01 7.348439e+01
1.408634e+02 1.225549e+02 7.331065e+01 1.078657e+02 8.866786e+01 1.324716e+02 5.048013e+01 8.275689e+01 1.434800e+02 2.224279e+01 0 5.002407e+01 1.038347e+02 7.870554e+01 1.024341e+02 4.313178e+01 5.052677e+01 7.118765e+01 1.645264e+01 1.044892e+02
1.224002e+02 4.912083e+01 1.199439e+02 5.497919e+01 5.351886e+01 4.091996e+01 8.160721e+01 7.076470e+01 8.075338e+01 3.663727e+01 5.002407e+01 0 2.983768e+01 1.002164e+02 1.452690e+02 5.136705e+01 4.905171e+01 9.705881e+01 1.344834e+02 8.110989e+01
6.993399e+01 9.441250e+01 1.359665e+02 9.646526e+01 3.773856e+01 1.350619e+02 1.421635e+02 8.428399e+01 5.378898e+00 9.913848e+01 1.038347e+02 2.983768e+01 0 5.321304e+01 8.870300e+01 2.724572e+01 4.211617e+01 5.440692e+01 3.403522e+01 4.940655e+01
5.124438e+01 1.225917e+02 6.821168e+00 7.177911e+01 4.449096e+01 3.398233e+01 7.294230e+01 5.359293e+01 3.146991e+01 1.305604e+02 7.870554e+01 1.002164e+02 5.321304e+01 0 8.186575e+01 5.558999e+01 7.114943e+01 8.766033e+01 1.348697e+02 1.350262e+02
1.249293e+02 1.241066e+02 1.059941e+02 9.746835e+01 8.055922e+01 5.688479e+01 7.170939e+01 4.937488e+01 3.438636e+01 6.995280e+00 1.024341e+02 1.452690e+02 8.870300e+01 8.186575e+01 0 1.312294e+02 7.599831e+01 1.062900e+02 1.939304e+01 9.876125e+01
1.249521e+02 7.242042e+00 7.048123e+01 7.101849e+01 1.204693e+02 1.261537e+02 2.962775e+01 5.698132e+01 1.181916e+02 2.838430e+01 4.313178e+01 5.136705e+01 2.724572e+01 5.558999e+01 1.312294e+02 0 6.097678e+01 3.750068e+01 4.058781e+01 1.252217e+01
4.208164e+01 1.151737e+02 1.409635e+02 1.247054e+01 1.989196e+01 5.073412e+01 1.192837e+02 1.377233e+01 6.344725e+01 2.360112e+01 5.052677e+01 4.905171e+01 4.211617e+01 7.114943e+01 7.599831e+01 6.097678e+01 0 1.044933e+02 1.395511e+02 4.271830e+01
3.070892e+01 6.732482e+01 6.698090e+01 9.072190e+01 2.265897e+01 4.954894e+01 4.682279e+01 1.132480e+02 1.108973e+02 6.395874e+01 7.118765e+01 9.705881e+01 5.440692e+01 8.766033e+01 1.062900e+02 3.750068e+01 1.044933e+02 0 3.451803e+01 1.473961e+02
1.047231e+02 1.220035e+02 5.737763e+01 8.369158e+01 9.504781e+01 6.647221e+01 1.184178e+02 1.399134e+02 8.769611e+01 1.969564e+01 1.645264e+01 1.344834e+02 3.403522e+01 1.348697e+02 1.939304e+01 4.058781e+01 1.395511e+02 3.451803e+01 0 1.431665e+02
6.763557e+01 1.220954e+02 8.927392e+01 6.393850e+01 1.138187e+02 7.740368e+01 8.661607e+01 1.349644e+02 6.991324e+01 7.348439e+01 1.044892e+02 8.110989e+01 4.940655e+01 1.350262e+02 9.876125e+01 1.252217e+01 4.271830e+01 1.473961e+02 1.431665e+02 0 